1, 11.07011994255302
1.1000000000000085, 11.179917846763615
1.20000000000001, 11.244650213021337
1.3000000000000043, 11.322196295841294
1.3999999999999986, 11.387212473283988
1.500000000000007, 11.426807261289156
1.6000000000000014, 11.475593897215013
1.70000000000001, 11.507845759846944
1.8000000000000114, 11.534615885178937
1.8999999999999986, 11.562641962725678
2, 11.579291674085717
2.1000000000000156, 11.598481561640988
2.200000000000003, 11.615376274328426
2.3000000000000114, 11.610013256708335
2.400000000000013, 11.600226112432665
2.500000000000007, 11.591827644320013
2.6000000000000085, 11.574502294063507
2.700000000000017, 11.555502340853963
2.8000000000000114, 11.538411474609852
2.8999999999999986, 11.5100243422281
3.000000000000007, 11.483824019933309
3.1000000000000085, 11.45004617096339
3.20000000000001, 11.401132612843533
3.3000000000000114, 11.362181726661682
3.4000000000000057, 11.303607648835964
3.500000000000007, 11.236241905506965
3.6000000000000085, 11.182490205545946
3.70000000000001, 11.098830152933772
3.8000000000000114, 11.017962673938221
3.900000000000013, 10.959618681230744
4, 10.881666447389946
4.1000000000000085, 10.818490760538666
4.20000000000001, 10.738105501169642
4.300000000000011, 10.640974212270542
4.400000000000006, 10.568871635625335
4.500000000000007, 10.468832184026034
4.6000000000000085, 10.367600719837391
4.70000000000001, 10.295744710483042
4.799999999999997, 10.199033739542664
4.899999999999999, 10.116901502515375
5.000000000000007, 10.032529296898531
5.100000000000016, 9.925077662287286
5.200000000000003, 9.850879627389077
5.300000000000004, 9.780006186938394
5.400000000000006, 9.704916622334899
5.5, 9.66141402801945
5.600000000000001, 9.613594451940479
5.700000000000003, 9.57097098912682
5.800000000000004, 9.547030444251533
5.900000000000006, 9.5176625976326
6, 9.497479925095178
6.100000000000001, 9.48889031032462
6.199999999999996, 9.47935502929672
6.300000000000004, 9.478836238471843
6.399999999999999, 9.488258722067215
6.5, 9.497060633747765
6.600000000000001, 9.527540978944032
6.700000000000003, 9.576420900200226
6.799999999999997, 9.617304927672052
6.8999999999999915, 9.70844872484043
7, 9.814600008960468
7.099999999999994, 9.890789938634235
7.200000000000003, 9.992504763194475
7.299999999999997, 10.091998454812611
7.399999999999999, 10.17442148297772
7.499999999999986, 10.291162721625511
7.600000000000001, 10.386686048088755
7.699999999999996, 10.513818986104376
7.79999999999999, 10.669510229404906
7.899999999999999, 10.778227619182488
7.999999999999993, 10.904743814973791
8.099999999999994, 11.034294224628859
8.199999999999996, 11.135588413815562
8.299999999999997, 11.280288000533659
8.399999999999984, 11.404744958094838
8.499999999999993, 11.519092958405643
8.599999999999987, 11.66574854238857
8.699999999999996, 11.77515669211921
8.800000000000004, 11.915839736614664
8.899999999999991, 12.066688865909335
8.999999999999986, 12.177285997864786
9.099999999999994, 12.331363900780204
9.199999999999996, 12.470392934761556
9.299999999999983, 12.569116793143642
9.399999999999991, 12.696375423550634
9.499999999999993, 12.796103959580947
9.599999999999987, 12.939427331059541
9.699999999999989, 13.100493558347871
9.799999999999983, 13.210834011252189
9.899999999999991, 13.351538436388687
9.999999999999986, 13.484559754515814
10.099999999999987, 13.569271777081866
10.199999999999989, 13.676708360813983
10.29999999999999, 13.762205989955149
10.399999999999999, 13.868826521640926
10.499999999999986, 13.994591916420617
10.599999999999987, 14.08493084989702
10.699999999999989, 14.204475578357368
10.799999999999976, 14.322804073673531
10.899999999999984, 14.399092469203225
10.999999999999986, 14.496197960771468
11.099999999999987, 14.576705506661085
11.199999999999989, 14.593406036820838
11.299999999999976, 14.612898000424067
11.399999999999984, 14.6146076287082
11.499999999999993, 14.56972286903359
11.599999999999987, 14.523212637646253
11.699999999999982, 14.451040010025991
11.79999999999999, 14.316361600229996
11.899999999999984, 14.199059204048574
11.999999999999986, 14.058617056352809
12.09999999999998, 13.872731454594067
12.199999999999982, 13.725150068379513
12.299999999999983, 13.48960461219653
12.399999999999984, 13.233978038831992
12.499999999999979, 13.055465349824267
12.599999999999973, 12.818091001599548
12.699999999999982, 12.601278980658833
12.799999999999983, 12.462144010053294
12.899999999999977, 12.285983879772495
12.999999999999986, 12.15656204972887
13.09999999999998, 12.072195950808819
13.199999999999974, 11.976205893698292
13.299999999999983, 11.961264286880144
13.39999999999997, 12.045286592196291
13.499999999999979, 12.125674316334461
13.599999999999987, 12.31462452272303
13.699999999999974, 12.626805173687835
13.799999999999976, 12.877931458278383
13.899999999999984, 13.202534028569154
13.999999999999979, 13.590378461152
14.099999999999973, 13.881497840391908
14.199999999999974, 14.297019908230155
14.299999999999983, 14.71321501717317
14.39999999999997, 15.056043501642598
14.499999999999979, 15.550252220612549
14.599999999999973, 15.965338020444683
14.699999999999974, 16.350814900214772
14.799999999999976, 16.834371674230773
14.89999999999997, 17.199065464840828
14.999999999999972, 17.70720553202932
15.099999999999973, 18.240052769251356
15.199999999999982, 18.64578109429926
15.299999999999976, 19.223507226147632
15.399999999999977, 19.732997820041646
15.499999999999972, 20.31013620497224
15.599999999999973, 21.083354376781266
15.699999999999974, 21.64050696299286
15.799999999999969, 22.158392484074554
15.89999999999997, 22.727278144393523
15.999999999999964, 23.077670512376187
16.099999999999966, 23.470611405403424
16.199999999999974, 23.833880267128905
16.29999999999997, 24.19082704722083
16.399999999999977, 24.688835853811575
16.49999999999997, 25.066605077186047
16.59999999999998, 25.37956219533634
16.69999999999998, 25.740109297952813
16.799999999999983, 25.957722102325476
16.899999999999977, 26.16279538419313
16.999999999999993, 26.361345430427022
17.099999999999987, 26.45917693497431
17.19999999999999, 26.566339306849024
17.299999999999983, 26.652216324020955
17.39999999999999, 26.667651428699898
17.49999999999998, 26.686335401336827
17.599999999999994, 26.67935275278917
17.69999999999999, 26.606658701583683
17.799999999999997, 26.532979265050265
17.899999999999984, 26.408350840197663
18, 26.18332236141884
18.099999999999994, 25.99188246468018
18.199999999999996, 25.621639534495493
18.300000000000004, 25.13929117809346
18.400000000000006, 24.746800270702465
18.5, 24.077115959385708
18.600000000000016, 23.366432601337834
18.70000000000001, 22.891882489843255
18.80000000000001, 22.28363171354001
18.900000000000013, 21.74056227298147
19.000000000000014, 21.357940396635833
19.1, 20.86792673404863
19.200000000000017, 20.491212360576
19.30000000000001, 19.992015320592856
19.40000000000002, 19.436932885670572
19.500000000000014, 18.95227600934401
19.60000000000003, 18.151843439912277
19.70000000000001, 17.4029007705022
19.80000000000002, 16.873970197156098
19.90000000000002, 16.181763404349972
20.00000000000002, 15.662134221929136
20.100000000000023, 15.488371273213957
20.20000000000004, 15.285646691503153
20.300000000000026, 15.160250615099663
20.400000000000027, 15.04013112308688
20.50000000000003, 14.922444097362487
20.600000000000037, 14.831102828252973
20.70000000000003, 14.704663170104375
20.800000000000033, 14.601017074482243
20.900000000000034, 14.474122595993563
21.000000000000043, 14.31839577988493
21.10000000000003, 14.213373024167488
21.200000000000053, 14.105027203992499
21.30000000000004, 13.993902928455455
21.40000000000004, 13.936891168597903
21.500000000000043, 13.87903245676327
21.60000000000005, 13.829181946280585
21.700000000000045, 13.762127418682688
21.80000000000006, 13.674124961830472
21.90000000000005, 13.610567203056796
22.000000000000057, 13.540299794820093
22.10000000000006, 13.464830877102699
22.20000000000006, 13.41714153523133
22.300000000000054, 13.359986375314541
22.40000000000007, 13.30832751232019
22.500000000000064, 13.24517337333912
22.600000000000065, 13.157073041375483
22.70000000000006, 13.092541450923427
22.800000000000075, 13.04151874710898
22.900000000000063, 12.984083006754489
23.000000000000064, 12.924862494738733
23.100000000000065, 12.812370275647055
23.200000000000074, 12.705846841541238
23.300000000000068, 12.586537321082382
23.400000000000084, 12.410757402291495
23.50000000000007, 12.272354822427864
23.60000000000008, 12.141316547765825
23.70000000000008, 11.986478430518353
23.80000000000009, 11.872883046748747
23.900000000000084, 11.71667695803702
24.000000000000085, 11.561809585504953
24.10000000000008, 11.457526362004437
24.20000000000008, 11.321615389997113
24.300000000000082, 11.20873422454801
24.400000000000098, 11.106594113680934
24.500000000000085, 10.979871523903576
24.6000000000001, 10.886085826916862
24.700000000000095, 10.760525628879385
24.800000000000104, 10.630206792654384
24.900000000000098, 10.541881904055053
25.000000000000107, 10.426489275761675
25.100000000000094, 10.325812672802059
25.200000000000102, 10.263046756995415
25.300000000000104, 10.18477354921523
25.400000000000112, 10.130247202240014
25.5000000000001, 10.086675562478042
25.6000000000001, 10.039311155386407
25.700000000000102, 10.015381849902077
25.80000000000011, 9.99640199309922
25.900000000000098, 9.979037505708824
26.00000000000012, 9.970616838853225
26.100000000000108, 9.960830678171696
26.200000000000117, 9.954669276530893
26.300000000000118, 9.9630950971194
26.400000000000126, 9.972698121912082
26.50000000000012, 9.99369183971848
26.60000000000013, 10.049669167935797
26.700000000000124, 10.103312292345251
26.800000000000125, 10.156718214369704
26.900000000000126, 10.2347495795564
27.000000000000128, 10.29739923043224
27.100000000000122, 10.370326801773999
27.20000000000013, 10.457617067597695
27.30000000000014, 10.522631232358428
27.400000000000134, 10.613980544980045
27.500000000000135, 10.705626025304397
27.600000000000136, 10.793998486601758
27.70000000000013, 10.929622518823315
27.80000000000014, 11.043733851418502
27.90000000000014, 11.174899130296097
28.000000000000135, 11.340828689648397
28.10000000000013, 11.472375203612494
28.200000000000152, 11.681861178433174
28.300000000000146, 11.901891184650076
28.40000000000014, 12.170046357053216
28.50000000000015, 12.651224519315384
28.600000000000158, 13.07628915403756
28.700000000000152, 13.582103886841551
28.80000000000016, 14.26398116453943
28.900000000000155, 14.765781647392274
29.000000000000163, 15.30058451951173
29.100000000000158, 15.889030090552374
29.200000000000152, 16.281772525682115
29.30000000000016, 16.77372064683771
29.400000000000155, 17.229270125728064
29.500000000000163, 17.81377376510433
29.600000000000158, 18.664047138256926
29.700000000000152, 19.330495241026547
29.800000000000175, 20.172950765437577
29.900000000000155, 21.145180010332048
30.000000000000178, 21.680362033476584
30.100000000000172, 22.048969988214125
30.20000000000018, 22.406432528854047
30.300000000000175, 22.77598355428276
30.400000000000183, 23.329392391310904
30.500000000000163, 23.78159420760622
30.600000000000186, 24.6253807969171
30.700000000000166, 25.648604433903834
30.80000000000019, 26.342372932246136
30.900000000000183, 27.10070621081946
31.000000000000192, 27.87056458000486
31.100000000000186, 28.353365167138733
31.20000000000018, 28.95257287522127
31.300000000000175, 29.46322867279943
31.400000000000198, 29.89903301264261
31.500000000000192, 30.45083390156777
31.6000000000002, 30.857735923964185
31.700000000000195, 31.369896087191563
31.80000000000019, 31.9143011637533
31.900000000000183, 32.25984769890912
32.00000000000018, 32.680269266717474
32.1000000000002, 33.05626817568325
32.20000000000021, 33.27150213569003
32.3000000000002, 33.536516998606004
32.4000000000002, 33.73170140760551
32.50000000000019, 33.920224855572926
32.600000000000215, 34.13020453014805
32.70000000000021, 34.272093980196914
32.80000000000019, 34.45090642050579
32.9000000000002, 34.618490713068496
33.000000000000206, 34.32525352589443
33.100000000000215, 33.78281060435964
33.20000000000021, 33.357048695278195
33.30000000000022, 32.88037632527342
33.400000000000226, 32.32329140114967
33.50000000000022, 32.10373069914543
33.6000000000002, 32.23908760449956
33.70000000000022, 32.37191852725758
33.80000000000023, 32.238579867233994
33.900000000000226, 31.92438036512126
34.00000000000022, 31.666357520074456
34.10000000000024, 30.994898276218613
34.20000000000022, 30.167331626597502
34.30000000000022, 29.54177886261852
34.40000000000024, 28.64779413551318
34.50000000000025, 27.72939563743966
34.60000000000024, 27.113648785680333
34.70000000000024, 26.314418649385736
34.800000000000246, 25.624622745397467
34.90000000000024, 25.02075092234991
35.000000000000234, 24.246406843057557
35.10000000000024, 23.68272054443073
35.20000000000024, 23.040104074259716
35.300000000000246, 22.34878321866576
35.40000000000027, 21.91211029242787
35.500000000000234, 21.389947668749706
35.60000000000023, 20.917211597726464
35.70000000000025, 20.36254738104521
35.800000000000274, 19.59039301174149
35.90000000000027, 19.014734219202836
36.00000000000025, 18.472273051176252
36.10000000000024, 17.86059976877379
36.20000000000025, 17.50024908433742
36.300000000000246, 17.152974400262607
36.400000000000254, 16.82358879398778
36.50000000000028, 16.54831429192288
36.60000000000026, 16.167514505856836
36.70000000000025, 15.865838041008104
36.80000000000026, 15.546490783570292
36.900000000000254, 15.168480599954329
37.00000000000028, 14.90921507881933
37.100000000000286, 14.599342973526866
37.20000000000025, 14.291628830592863
37.300000000000274, 14.121008598195353
37.40000000000028, 13.92425648608912
37.50000000000028, 13.760552523879568
37.60000000000027, 13.655658184984873
37.70000000000028, 13.52647388632709
37.80000000000029, 13.436980152819416
37.90000000000028, 13.340861897305153
38.00000000000028, 13.240938558944343
38.100000000000286, 13.165784155730897
38.20000000000028, 13.060050225783456
38.30000000000029, 12.967643093488768
38.4000000000003, 12.88482469981684
38.50000000000029, 12.777191829756674
38.600000000000286, 12.701908597613254
38.700000000000294, 12.64097564673417
38.80000000000029, 12.574629162897615
38.9000000000003, 12.509281877182197
39.00000000000029, 12.395463796917383
39.1000000000003, 12.291160232505653
39.200000000000294, 12.18538846995623
39.30000000000029, 12.038604400854823
39.4000000000003, 11.926517373922032
39.50000000000029, 11.80870753585723
39.6000000000003, 11.674209521541961
39.70000000000031, 11.574838905925056
39.80000000000032, 11.434990083142317
39.90000000000031, 11.300754644102149
40.000000000000306, 11.194372545023477
40.1000000000003, 11.048090248490006
40.20000000000032, 10.92992613196089
40.30000000000032, 10.768105734845406
40.40000000000031, 10.574072071178485
40.50000000000032, 10.440920439071213
40.60000000000033, 10.285754300089295
40.70000000000032, 10.129832933465366
40.80000000000032, 9.988216165713418
40.900000000000325, 9.775158224892031
41.00000000000035, 9.59558017043907
41.100000000000314, 9.432561251062964
41.20000000000032, 9.227556823421232
41.30000000000032, 9.09375115586095
41.400000000000325, 8.99588046771651
41.50000000000035, 8.892915944741752
41.60000000000033, 8.813200239927973
41.70000000000034, 8.698210229528534
41.800000000000345, 8.59645816647106
41.900000000000325, 8.527038387717745
42.00000000000032, 8.438943703211741
42.10000000000036, 8.37505476705018
42.200000000000365, 8.31462376082424
42.30000000000036, 8.248020668174881
42.40000000000034, 8.213030892082791
42.50000000000035, 8.184691991676182
42.60000000000036, 8.158406625890315
42.70000000000035, 8.160468466540621
42.80000000000036, 8.170248697753337
42.900000000000354, 8.181525157619141
43.00000000000036, 8.248200491625497
43.10000000000036, 8.325278844593214
43.20000000000034, 8.388494839818186
43.300000000000345, 8.490529186103132
43.40000000000037, 8.589639063566167
43.50000000000036, 8.70876207113411
43.60000000000036, 8.89378244482539
43.70000000000035, 9.04455420623848
43.800000000000374, 9.2697416098653
43.90000000000037, 9.543307375971914
44.00000000000036, 9.742472199851036
44.100000000000385, 10.005535533808683
44.20000000000038, 10.27302977591787
44.300000000000374, 10.513210090305833
44.400000000000354, 10.877700940426955
44.50000000000038, 11.188867041573836
44.600000000000385, 11.560181448308022
44.70000000000038, 12.039018174897677
44.800000000000374, 12.413794962824383
44.90000000000038, 12.98903995564131
45.00000000000038, 13.6015031280417
45.10000000000037, 14.04141549909928
45.200000000000365, 14.64309898753217
45.3000000000004, 15.182110233613322
45.4000000000004, 15.486743806775713
45.500000000000405, 15.860702533605242
45.600000000000385, 16.147357483155332
45.700000000000394, 16.515394474097697
45.8000000000004, 16.9260053957889
45.90000000000038, 17.23666041947719
46.000000000000405, 17.686241671713745
46.1000000000004, 18.10828310885121
46.20000000000041, 18.395040830325797
46.3000000000004, 18.766398228035783
46.40000000000038, 19.056887590272936
46.50000000000039, 19.353943402777574
46.60000000000041, 19.70171393271876
46.70000000000042, 19.926675346057912
46.8000000000004, 20.166555239591993
46.900000000000425, 20.402340236576357
47.00000000000042, 20.57477053608084
47.10000000000041, 20.808083679752933
47.20000000000041, 21.000027202785752
47.300000000000416, 21.244872000697434
47.40000000000041, 21.546726566322697
47.50000000000042, 21.75224315105887
47.60000000000041, 21.968545172638287
47.70000000000042, 22.191114907428314
47.80000000000043, 22.331348442350652
47.900000000000425, 22.504795526742086
48.00000000000042, 22.654751108942612
48.10000000000041, 22.71464065441051
48.200000000000436, 22.78449741058411
48.30000000000043, 22.787911040306675
48.40000000000041, 22.524967971162965
48.50000000000043, 22.241630738358467
48.60000000000044, 21.984535982284548
48.70000000000045, 21.564460743857005
48.80000000000043, 21.183515178213867
48.90000000000044, 20.944780576232482
49.00000000000045, 20.644603039589917
49.10000000000044, 20.405704861697124
49.20000000000042, 20.03246588709402
49.300000000000445, 19.610894839971984
49.40000000000047, 19.31571191663587
49.50000000000043, 18.9287353537296
49.60000000000044, 18.561093779269946
49.700000000000436, 18.406977132383645
49.800000000000445, 18.25077552819959
49.90000000000047, 18.1279545821478
50.00000000000045, 18.02995791147343
50.100000000000456, 17.9137559576167
50.20000000000045, 17.857971265353065
50.30000000000046, 17.857971265353058
50.40000000000045, 17.857971265353065
50.50000000000046, 17.92541113763364
50.600000000000485, 18.061246877489204
50.700000000000465, 18.174467445570407
50.80000000000046, 18.28398355724746
50.90000000000045, 18.420505710923145
51.00000000000046, 18.521485804067545
51.10000000000047, 18.655761668523972
51.200000000000465, 18.795580325449734
51.30000000000047, 18.90727982310878
51.40000000000048, 19.07062016983818
51.50000000000046, 19.21361629910613
51.600000000000456, 19.355182765626914
51.70000000000048, 19.54110572499102
51.80000000000049, 19.674782380422897
51.900000000000496, 19.80520803641329
52.00000000000046, 19.947456245946803
52.100000000000485, 20.00253274073672
52.20000000000048, 20.012012449527646
52.30000000000049, 20.02071409038261
52.400000000000496, 19.9608402440844
52.50000000000049, 19.862990187282307
52.6000000000005, 19.783271668537388
52.70000000000049, 19.640401740293584
52.80000000000049, 19.477015855483955
52.900000000000496, 19.329195310213883
53.00000000000049, 19.068321770022628
53.10000000000051, 18.81751191136697
53.20000000000049, 18.635161512238184
53.3000000000005, 18.391402944629824
53.40000000000051, 18.197079001907937
53.500000000000504, 18.067816067870588
53.600000000000485, 17.912545586429836
53.70000000000052, 17.781359083521316
53.800000000000516, 17.553362439364506
53.900000000000524, 17.323884956693895
54.000000000000504, 17.15921847289868
54.10000000000051, 16.936545583214354
54.20000000000052, 16.74853380005699
54.30000000000053, 16.592891993376377
54.400000000000524, 16.39761947262953
54.50000000000053, 16.25337983534896
54.60000000000053, 16.066719872894836
54.70000000000052, 15.87002434058585
54.800000000000516, 15.741140685371633
54.90000000000051, 15.578310137429114
55.00000000000055, 15.433981605673644
55.10000000000054, 15.28731883786886
55.20000000000052, 15.091546893019768
55.300000000000516, 14.94683541204747
55.400000000000524, 14.791620984135498
55.50000000000052, 14.62026892591652
55.60000000000054, 14.506328372257016
55.700000000000536, 14.36471554240299
55.800000000000544, 14.23314825987552
55.900000000000524, 14.130760502258788
56.00000000000053, 13.993850040383457
56.10000000000054, 13.88949980209965
56.200000000000536, 13.806267520470477
56.300000000000544, 13.709883381288208
56.40000000000054, 13.643320776423224
56.50000000000055, 13.559898036012335
56.600000000000556, 13.478734767353103
56.70000000000055, 13.420474812403803
56.80000000000053, 13.342588488994807
56.90000000000057, 13.27928076170575
57.000000000000576, 13.223356482030397
57.100000000000556, 13.155295346900125
57.200000000000536, 13.106155016771652
57.300000000000544, 13.042712044926311
57.40000000000057, 12.978095884831191
57.500000000000576, 12.938458706664143
57.60000000000057, 12.890168644640738
57.70000000000058, 12.848871781871118
57.80000000000057, 12.810580366441187
57.90000000000058, 12.761713491699993
58.00000000000056, 12.722966947307661
58.10000000000057, 12.661205105465221
58.20000000000059, 12.5953395202052
58.30000000000057, 12.539696297106296
58.40000000000057, 12.453782435336812
58.50000000000059, 12.37668847557989
58.600000000000584, 12.310223997966318
58.70000000000058, 12.222118670316625
58.80000000000057, 12.151109812609036
58.900000000000595, 12.031427885320468
59.00000000000059, 11.897677360861259
59.1000000000006, 11.795206278224441
59.200000000000564, 11.644810964060568
59.30000000000059, 11.503397063884776
59.40000000000058, 11.422973632052049
59.50000000000059, 11.325260261956942
59.600000000000584, 11.246957443041154
59.70000000000059, 11.131596768539524
59.8000000000006, 10.9963063865317
59.90000000000061, 10.901618434924366
60.00000000000059, 10.781769096390171
60.1000000000006, 10.663774697124005
60.20000000000061, 10.60248672997556
60.300000000000615, 10.534454125987452
60.400000000000595, 10.478384002656504
60.500000000000604, 10.45440754130788
60.6000000000006, 10.425189524915197
60.70000000000062, 10.416938544117073
60.800000000000615, 10.452956155705344
60.900000000000624, 10.490077619702596
61.00000000000062, 10.526259884978181
61.1000000000006, 10.58405368559044
61.20000000000061, 10.634105835783245
61.300000000000615, 10.700727706191081
61.400000000000624, 10.788755168433902
61.50000000000063, 10.922154968923167
61.60000000000061, 11.4689423319832
61.70000000000061, 12.059109449727345
61.80000000000063, 12.601560655635026
61.900000000000624, 13.496821842807805
62.00000000000062, 14.31004138976315
62.10000000000063, 14.801269750958411
62.20000000000062, 15.413497725763278
62.30000000000063, 15.860467585271486
62.400000000000624, 16.164404161655675
62.50000000000063, 16.508279104802575
62.60000000000064, 16.87247104111514
62.700000000000635, 17.583547122279143
62.80000000000063, 18.260197210344188
62.90000000000064, 19.03903522128408
63.00000000000065, 20.20060143180332
63.10000000000063, 21.112377002494448
63.20000000000062, 21.73034540680723
63.30000000000066, 22.464405139143103
63.40000000000065, 22.928493908438206
63.50000000000065, 23.368503748812465
63.60000000000064, 23.806866092139252
63.70000000000065, 24.195710067452374
63.80000000000066, 24.7701146885127
63.90000000000067, 25.249736995646387
64.00000000000065, 25.725484444373116
64.10000000000065, 26.319951953949577
64.20000000000064, 26.73898024260238
64.30000000000061, 27.212971399790057
64.40000000000063, 27.70733193478184
64.50000000000063, 28.08940283200429
64.60000000000062, 28.637327752125174
64.70000000000061, 29.117824690255127
64.80000000000061, 29.487054897580215
64.9000000000006, 29.960696746154213
65.0000000000006, 30.308374244365567
65.10000000000059, 30.6905290875522
65.20000000000059, 31.108014990078278
65.30000000000058, 31.408956233144067
65.40000000000057, 31.822045946411734
65.50000000000057, 32.20185754326424
65.60000000000056, 32.411699772447705
65.70000000000056, 32.66609323389622
65.80000000000055, 32.856443738620264
65.90000000000055, 32.99912806326292
66.00000000000054, 33.16258008701888
66.10000000000053, 33.27441513717355
66.20000000000053, 33.41407303610448
66.30000000000052, 33.548561802847146
66.40000000000049, 33.628119997804696
66.50000000000051, 33.72560489235112
66.6000000000005, 33.80287667118303
66.7000000000005, 33.81901027927722
66.8000000000005, 33.83842444756713
66.90000000000049, 33.84601249651925
67.00000000000048, 33.83690022777863
67.10000000000048, 33.82771391711228
67.20000000000047, 33.820760251036866
67.30000000000047, 33.81108188577163
67.40000000000043, 33.80289571675285
67.50000000000045, 33.787748370580815
67.60000000000045, 33.768218183339
67.70000000000044, 33.75857938208948
67.80000000000044, 33.76745914323317
67.90000000000043, 33.77683159704081
68.00000000000043, 33.81105496358123
68.10000000000042, 33.88764689425038
68.20000000000041, 33.955650460853946
68.30000000000041, 34.02182136615772
68.4000000000004, 34.10992104634976
68.5000000000004, 34.17903034875991
68.60000000000039, 34.28238639441453
68.70000000000039, 34.39667856089569
68.80000000000038, 34.47915661421348
68.90000000000038, 34.59238102613192
69.00000000000037, 34.697746700810995
69.10000000000036, 34.7842991320518
69.20000000000036, 34.90163949220679
69.30000000000035, 34.99196873824232
69.40000000000035, 35.075088705474656
69.50000000000034, 35.17150861411166
69.6000000000003, 35.21741420146362
69.70000000000033, 35.226676695707525
69.80000000000032, 35.235702945919726
69.90000000000032, 35.211897207660655
70.00000000000028, 35.163229089682424
70.10000000000028, 35.123459258892964
70.2000000000003, 35.05166859979541
70.3000000000003, 34.96414013678934
70.40000000000029, 34.874675451646354
70.50000000000028, 34.67298764109989
70.60000000000028, 34.4672371357254
70.70000000000027, 34.26323136025462
70.80000000000027, 33.939801117808976
70.90000000000026, 33.66272922946075
71.00000000000023, 33.40489346528041
71.10000000000025, 33.075225261568804
71.20000000000024, 32.81630876888592
71.30000000000024, 32.41527185144896
71.40000000000023, 31.986886820272804
71.50000000000023, 31.612235348643026
71.60000000000022, 31.01996209684421
71.70000000000022, 30.487601545009177
71.80000000000021, 29.96575552181907
71.9000000000002, 29.260917038358386
72.0000000000002, 28.73708361366009
72.10000000000016, 28.21687517780495
72.20000000000019, 27.634540076721848
72.30000000000018, 27.248846118690466
72.40000000000018, 26.7791508241545
72.50000000000017, 26.336782029072786
72.60000000000016, 25.79678757150822
72.70000000000013, 24.99597888870035
72.80000000000015, 24.371029670954165
72.90000000000015, 23.811491456195967
73.00000000000014, 23.154144834787537
73.10000000000014, 22.670056233925195
73.20000000000013, 21.99782612992609
73.30000000000013, 21.3349276284138
73.40000000000012, 20.727250162839837
73.50000000000011, 19.829299496151492
73.60000000000011, 19.08791134269223
73.7000000000001, 18.455463668835797
73.8000000000001, 17.675543576645275
73.90000000000009, 17.142158769471045
74.00000000000009, 16.579489176306183
74.10000000000008, 15.998633164239507
74.20000000000007, 15.623588420117791
74.30000000000007, 15.151203065352298
74.40000000000006, 14.741392879149984
74.50000000000006, 14.363609368661656
74.60000000000005, 13.87492482933746
74.70000000000002, 13.535943454533204
74.80000000000004, 13.256603415337459
74.90000000000003, 12.954604860206409
75.00000000000003, 12.759511565463825
75.10000000000002, 12.521088453142532
75.20000000000002, 12.30415428475893
75.30000000000001, 12.147952594804401
75.4, 11.94520740771479
75.5, 11.790890844398334
75.6, 11.62166179319378
75.69999999999999, 11.429871282710586
75.79999999999998, 11.320189236986003
75.89999999999998, 11.224016271723414
75.99999999999997, 11.132350148602555
76.09999999999997, 11.093691138340574
76.19999999999996, 11.054653226052984
76.29999999999995, 11.024070842412634
76.39999999999995, 11.007785412668355
76.49999999999994, 10.988406535519715
76.59999999999994, 10.98127545531539
76.69999999999993, 10.99043500069319
76.7999999999999, 10.999575031601019
76.89999999999992, 11.025617052672438
76.99999999999991, 11.074102091245074
77.09999999999991, 11.114658366607053
77.1999999999999, 11.176441476397216
77.2999999999999, 11.254482291455723
77.39999999999986, 11.311296579102759
77.49999999999989, 11.382774112005855
77.59999999999988, 11.457444735055233
77.69999999999987, 11.532903042468938
77.79999999999987, 11.657706781463489
77.89999999999984, 11.767338195707694
77.99999999999986, 11.898913829920296
78.09999999999985, 12.075071107986325
78.19999999999985, 12.215321748129611
78.29999999999984, 12.440887038880078
78.39999999999984, 12.68771479180053
78.49999999999983, 12.904658273634823
78.59999999999982, 13.258179470501844
78.69999999999982, 13.58375849051911
78.79999999999981, 13.846681603820521
78.8999999999998, 14.198894057602672
78.9999999999998, 14.48176902518913
79.0999999999998, 14.939997864011282
79.19999999999979, 15.465818632882161
79.29999999999978, 15.89875899353337
79.39999999999978, 16.596566357730545
79.49999999999977, 17.26963868987542
79.59999999999977, 17.810907539797277
79.69999999999976, 18.561395227990324
79.79999999999976, 19.16221111450244
79.89999999999975, 19.532724180293968
79.99999999999974, 19.979371316305723
80.09999999999974, 20.2252149519718
80.19999999999973, 20.316261240603644
80.29999999999973, 20.408196032344385
80.39999999999972, 20.5968049642508
80.49999999999972, 20.945114241177173
80.59999999999971, 21.240237555097934
80.6999999999997, 21.719776048731177
80.7999999999997, 22.33792519812659
80.8999999999997, 22.80159940769655
80.99999999999969, 23.429152912043314
81.09999999999968, 24.092608490609585
81.19999999999968, 24.494007525140525
81.29999999999967, 24.960120587629547
81.39999999999966, 25.37466540537084
81.49999999999963, 25.55505059174211
81.59999999999965, 25.763138179217314
81.69999999999965, 25.936865666752894
81.79999999999964, 26.272380365144635
81.89999999999964, 26.64401498324495
81.99999999999963, 26.908885926191395
82.09999999999962, 27.267219737675994
82.19999999999962, 27.601230266539808
82.29999999999961, 27.740360511231785
82.39999999999961, 27.887020988261717
82.4999999999996, 27.994192200406957
82.5999999999996, 27.994192200406957
82.69999999999959, 27.99419220040695
82.79999999999959, 27.94800379042573
82.89999999999958, 27.78140024979934
82.99999999999957, 27.618782550810018
83.09999999999957, 27.48187702267756
83.19999999999959, 27.287248744410114
83.29999999999956, 27.128131779099895
83.39999999999955, 26.817525867761482
83.49999999999955, 26.43814527913061
83.59999999999954, 26.16203812327631
83.69999999999953, 25.800141418175336
83.79999999999956, 25.43035610940433
83.89999999999952, 25.186446191707844
83.99999999999952, 24.87322046235544
84.09999999999951, 24.604425754794427
84.1999999999995, 24.316698060623565
84.2999999999995, 23.94522373674728
84.3999999999995, 23.695957095062887
84.49999999999949, 23.515057793624642
84.59999999999948, 23.32150524876991
84.69999999999948, 23.21561420849894
84.79999999999947, 23.11070982382696
84.89999999999947, 23.016259534918646
84.99999999999946, 22.96088320451055
85.09999999999945, 22.892357943083276
85.19999999999945, 22.84466678826505
85.29999999999944, 22.8276107899811
85.39999999999944, 22.80848575856063
85.49999999999943, 22.815999246474256
85.59999999999943, 22.862939555446246
85.69999999999939, 22.907221256398756
85.79999999999941, 22.98830248341733
85.89999999999941, 23.115296315029845
85.9999999999994, 23.21677703317244
86.0999999999994, 23.356464593033166
86.19999999999939, 23.52085599710467
86.29999999999939, 23.631702153132025
86.39999999999938, 23.76057371558386
86.49999999999937, 23.887862285916704
86.59999999999937, 23.985909595465436
86.69999999999936, 24.121904752001107
86.79999999999939, 24.234389582007566
86.89999999999935, 24.367941807271684
86.99999999999935, 24.53357960272347
87.09999999999934, 24.65371216998644
87.19999999999933, 24.80650666839044
87.2999999999993, 24.964496024628843
87.39999999999932, 25.056642015930777
87.49999999999932, 25.162515624266042
87.59999999999931, 25.254521991306312
87.6999999999993, 25.295771234669267
87.7999999999993, 25.34468357032072
87.8999999999993, 25.3771980581463
87.99999999999929, 25.394670982137818
88.09999999999928, 25.413592367351058
88.19999999999928, 25.416745927922342
88.29999999999927, 25.407244370447025
88.39999999999927, 25.39858482053301
88.49999999999926, 25.341516113067904
88.59999999999926, 25.253430549994448
88.69999999999925, 25.183215729659366
88.79999999999922, 25.073355816138744
88.89999999999924, 24.94863844507956
88.99999999999923, 24.85042794405681
89.09999999999923, 24.700924076482053
89.19999999999922, 24.558193918075894
89.29999999999922, 24.417062026562597
89.39999999999921, 24.212147119875127
89.4999999999992, 24.049220824339947
89.5999999999992, 23.89473536937757
89.69999999999919, 23.71058080475504
89.79999999999916, 23.553430436507035
89.89999999999918, 23.278865149626718
89.99999999999918, 23.004441045289852
90.09999999999917, 22.775553078520367
90.19999999999916, 22.444459858014064
90.29999999999916, 22.16702042597555
90.39999999999915, 21.947614061928796
90.49999999999915, 21.674423736322446
90.59999999999914, 21.474010713467038
90.69999999999914, 21.21652674251282
90.79999999999913, 20.947102060400745
90.89999999999912, 20.741679146944747
90.99999999999912, 20.449202462199466
91.09999999999911, 20.191845679914998
91.19999999999911, 19.960009287587454
91.2999999999991, 19.65661230502395
91.3999999999991, 19.431859585104576
91.49999999999912, 19.176030215803053
91.59999999999911, 18.89562118254576
91.69999999999905, 18.70124572092285
91.79999999999907, 18.445716155282476
91.89999999999904, 18.20999494471372
91.99999999999909, 18.067224495890926
92.09999999999903, 17.889174773316604
92.19999999999905, 17.74944488491466
92.29999999999905, 17.565277796446715
92.39999999999904, 17.35358329311918
92.49999999999903, 17.19134927422065
92.59999999999903, 16.95147049939041
92.69999999999902, 16.71971851924834
92.79999999999902, 16.567930889844078
92.89999999999901, 16.373037801846564
92.99999999999898, 16.216159131085533
93.099999999999, 16.087480461786676
93.199999999999, 15.932083442596017
93.29999999999899, 15.832610547674648
93.39999999999898, 15.74164108633525
93.49999999999898, 15.64963503803505
93.59999999999897, 15.64570047040678
93.69999999999894, 15.688108940734693
93.79999999999893, 15.724104562590568
93.89999999999895, 15.895491184512522
93.99999999999895, 16.120826538155733
94.09999999999894, 16.30322737520879
94.19999999999894, 16.609989453472842
94.2999999999989, 16.93483147369458
94.3999999999989, 17.170404914577006
94.49999999999889, 17.49496579137645
94.59999999999891, 17.784105086175238
94.69999999999888, 18.01666156024813
94.7999999999989, 18.320127907983817
94.8999999999989, 18.556226466504363
94.99999999999886, 18.89282856702011
95.09999999999889, 19.26629034877928
95.19999999999888, 19.595557370142018
95.29999999999887, 20.142164669208277
95.39999999999887, 20.652505844299462
95.49999999999886, 21.057369528709252
95.59999999999886, 21.603158103659553
95.69999999999885, 22.021892647618294
95.79999999999885, 22.353468859156102
95.89999999999884, 22.739429507127603
95.99999999999883, 23.024079353523305
96.0999999999988, 23.421784952512063
96.19999999999882, 23.810605579264234
96.29999999999882, 24.118096338186028
96.39999999999881, 24.546179438875612
96.4999999999988, 24.89625646049234
96.5999999999988, 25.23774196200239
96.6999999999988, 25.655590855527095
96.79999999999879, 25.95203146806128
96.89999999999878, 26.313852629445456
96.99999999999878, 26.684160460271436
97.09999999999874, 26.99205699783716
97.19999999999877, 27.44603718424905
97.29999999999876, 27.836294045835935
97.39999999999873, 28.16592388312091
97.49999999999872, 28.586058109010615
97.59999999999874, 28.871686319596712
97.69999999999874, 29.095783559946156
97.79999999999876, 29.33594928247401
97.89999999999873, 29.49093206579839
97.99999999999869, 29.68157380112131
98.09999999999869, 29.853504257304913
98.19999999999868, 29.991244475299155
98.2999999999987, 30.172557111502037
98.3999999999987, 30.30967146435895
98.49999999999869, 30.462987902365455
98.59999999999869, 30.635192189534038
98.69999999999865, 30.725891567903666
98.79999999999868, 30.791566791827663
98.89999999999867, 30.853623623220678
98.99999999999866, 30.847315493439673
99.09999999999866, 30.818013288536513
99.19999999999865, 30.793547970953227
99.29999999999865, 30.73611097902029
99.39999999999864, 30.668398157245427
99.49999999999864, 30.622144672871606
99.5999999999986, 30.566956593766157
99.6999999999986, 30.512358089543447
99.79999999999862, 30.509578553240495
99.89999999999861, 30.52900130051588
99.99999999999858, 30.545095046486054
100.0999999999986, 30.61502725126934
100.1999999999986, 30.702735544569336
100.29999999999856, 30.778867078589677
100.39999999999858, 30.922540707069857
100.49999999999858, 31.07134054767482
100.59999999999857, 31.253078788158202
100.69999999999857, 31.570574952819427
100.79999999999856, 31.846958070306826
100.89999999999858, 32.09616753467343
100.99999999999855, 32.41901385568067
101.09999999999854, 32.66369811926278
101.19999999999854, 32.98963038031756
101.29999999999853, 33.34316414126843
101.39999999999853, 33.59504739727543
101.49999999999852, 33.93692386031502
101.59999999999852, 34.249021153014866
101.69999999999848, 34.42914111943537
101.7999999999985, 34.65083405009602
101.89999999999847, 34.82570050585728
101.99999999999847, 35.07890139820718
102.09999999999846, 35.36683298258633
102.19999999999848, 35.57079376019003
102.29999999999848, 35.84158970483122
102.39999999999847, 36.10053774477478
102.49999999999844, 36.27393365420028
102.59999999999849, 36.49832589712794
102.69999999999845, 36.676469031416204
102.79999999999842, 36.822608675472026
102.89999999999847, 36.99712244803399
102.99999999999841, 37.10931802286795
103.0999999999984, 37.2190551936171
103.19999999999845, 37.32891359197111
103.29999999999842, 37.38425304853284
103.39999999999841, 37.44240079558311
103.49999999999838, 37.491211727402856
103.5999999999984, 37.507708471726744
103.69999999999837, 37.52722537163086
103.79999999999836, 37.53655053745576
103.89999999999839, 37.52763304993428
103.99999999999835, 37.51828680937414
104.09999999999837, 37.47014064215051
104.19999999999834, 37.361886398937614
104.29999999999833, 37.26646948794563
104.39999999999836, 37.06228140260142
104.49999999999832, 36.778445625921755
104.59999999999832, 36.541898332245154
104.69999999999831, 36.09426148825237
104.79999999999833, 35.60280176322486
104.89999999999833, 35.239847762992
104.9999999999983, 34.72907497418127
105.09999999999832, 34.25711924271367
105.19999999999828, 33.86595323322477
105.2999999999983, 33.33771543459674
105.3999999999983, 32.926346535169515
105.49999999999827, 32.433095627267164
105.59999999999826, 31.86514750296979
105.69999999999828, 31.48704283198338
105.79999999999825, 31.04106941654085
105.89999999999827, 30.609504816633766
105.99999999999824, 30.275653276960497
106.09999999999823, 29.81774766500463
106.19999999999823, 29.44765426415229
106.29999999999825, 29.086297111603336
106.39999999999824, 28.649128222650326
106.49999999999821, 28.341881396959586
106.59999999999823, 27.96792489421135
106.69999999999823, 27.58909431726245
106.79999999999822, 27.317655504149066
106.89999999999822, 26.950236772477794
106.99999999999821, 26.6378333422604
107.09999999999823, 26.353840077411043
107.19999999999817, 25.99377383036797
107.29999999999819, 25.72375533523494
107.39999999999819, 25.360779115016605
107.49999999999818, 24.97578106419791
107.59999999999818, 24.724343980276743
107.69999999999814, 24.408834093968323
107.79999999999814, 24.12728517929692
107.89999999999816, 23.87606123630195
107.99999999999815, 23.543222840562464
108.09999999999815, 23.285577434793886
108.19999999999814, 22.929786055188366
108.29999999999814, 22.534373724460515
108.39999999999813, 22.238146472090136
108.49999999999812, 21.81430733198537
108.59999999999812, 21.417939324527815
108.69999999999808, 21.154970895117273
108.79999999999811, 20.817280780564538
108.8999999999981, 20.55709108076894
108.9999999999981, 20.341861903141528
109.09999999999809, 20.090897823817336
109.19999999999808, 19.880500339538443
109.29999999999811, 19.529299029879212
109.39999999999804, 19.185386837512866
109.49999999999807, 18.953779507240405
109.59999999999806, 18.652246661443435
109.69999999999806, 18.40521358414331
109.79999999999805, 18.30167272230736
109.89999999999802, 18.175153809136106
109.99999999999804, 18.0874719630555
110.09999999999803, 17.98812675934304
110.19999999999803, 17.88628640514718
110.29999999999802, 17.80580049916665
110.39999999999799, 17.6900695941273
110.49999999999801, 17.59041156480832
110.599999999998, 17.527557350748268
110.699999999998, 17.44933547995938
110.799999999998, 17.390326935198217
110.89999999999796, 17.311249561626546
110.99999999999798, 17.226362844651426
111.099999999998, 17.160844135531924
111.19999999999797, 17.06557045115605
111.29999999999797, 16.979504322497938
111.39999999999793, 16.899631443020034
111.49999999999793, 16.791952510505624
111.59999999999795, 16.710974611060955
111.69999999999791, 16.62590343321363
111.79999999999794, 16.53019092197995
111.8999999999979, 16.470335942963594
111.99999999999793, 16.40470222763892
112.09999999999795, 16.34258324614892
112.19999999999791, 16.298185990453092
112.29999999999794, 16.239589965618535
112.39999999999787, 16.193586430477524
112.4999999999979, 16.15261837554761
112.59999999999789, 16.104236400233248
112.69999999999786, 16.074201564969627
112.79999999999788, 16.04662894923068
112.89999999999787, 16.019306695777523
112.99999999999787, 16.00807501005979
113.09999999999786, 15.99836624538873
113.19999999999786, 15.990307172985105
113.29999999999785, 15.99788935243906
113.39999999999785, 16.007636641699257
113.49999999999784, 16.028816536047408
113.59999999999783, 16.10955777738406
113.69999999999783, 16.193315788507604
113.79999999999782, 16.317940702248457
113.89999999999782, 16.548755313308433
113.99999999999781, 16.75002492766832
114.0999999999978, 16.944897371542332
114.19999999999777, 17.199279648140788
114.2999999999978, 17.394080935814387
114.39999999999779, 17.664319604823298
114.49999999999778, 17.9579275426507
114.59999999999775, 18.184843937387747
114.69999999999774, 18.517047715182642
114.79999999999777, 18.82081781529549
114.89999999999776, 19.05136423053191
114.99999999999773, 19.354740411808393
115.09999999999772, 19.58599031015718
115.19999999999771, 19.83043867788829
115.29999999999777, 20.108889491084796
115.39999999999773, 20.303206848110996
115.4999999999977, 20.55515863908446
115.59999999999769, 20.796479448636077
115.69999999999771, 21.009841639936973
115.79999999999771, 21.312230315307183
115.8999999999977, 21.5537419454904
115.9999999999977, 21.788841522259602
116.09999999999766, 22.07008441590358
116.19999999999766, 22.265852245777722
116.29999999999768, 22.503422289581152
116.39999999999768, 22.741640011210016
116.49999999999767, 22.96026645419324
116.59999999999766, 23.289670987532205
116.69999999999763, 23.56667038632797
116.79999999999765, 23.823158047686675
116.89999999999768, 24.145240018091798
116.99999999999764, 24.36565985603884
117.0999999999976, 24.57947156479304
117.1999999999976, 24.803928747719603
117.29999999999762, 24.997182660834575
117.39999999999762, 25.294411098368933
117.49999999999764, 25.55683655670567
117.5999999999976, 25.751245078919148
117.6999999999976, 26.00057739516766
117.7999999999976, 26.19181205217121
117.89999999999759, 26.451194550479542
117.99999999999761, 26.736443413650967
118.09999999999755, 26.96418690856556
118.19999999999757, 27.309485142334196
118.29999999999757, 27.629067899735567
118.39999999999756, 27.812627625454937
118.49999999999756, 28.037599095677855
118.59999999999755, 28.213484975074827
118.69999999999754, 28.43056146102873
118.79999999999757, 28.680940382391903
118.89999999999753, 28.87927304429566
118.99999999999756, 29.185663387683697
119.09999999999752, 29.48263634710232
119.19999999999752, 29.710369566357464
119.29999999999751, 30.022070300371574
119.3999999999975, 30.273844332786126
119.49999999999753, 30.458255071572296
119.59999999999746, 30.68175462404652
119.69999999999749, 30.834783490944268
119.79999999999745, 31.007331081225814
119.89999999999745, 31.18241090536999
119.99999999999747, 31.354827525041717
120.09999999999744, 31.625466505209555
120.19999999999746, 31.85598252961768
120.29999999999745, 32.049186378433525
120.39999999999748, 32.29344976436495
120.49999999999744, 32.456447155035285
120.59999999999741, 32.58026453596358
120.69999999999743, 32.71180888375781
120.7999999999974, 32.80050193335518
120.89999999999739, 32.91517942990893
120.99999999999744, 33.0176851828533
121.09999999999741, 33.11308150161706
121.19999999999743, 33.24034434233018
121.2999999999974, 33.33165143805571
121.39999999999739, 33.400231401361346
121.49999999999741, 33.47657598021068
121.59999999999738, 33.50961314219984
121.6999999999974, 33.51902613068682
121.79999999999737, 33.5278434579446
121.89999999999736, 33.47148843208649
121.99999999999736, 33.37374729816844
122.09999999999732, 33.294264553974955
122.19999999999735, 33.15373163238465
122.29999999999731, 32.98958184021363
122.3999999999973, 32.871750548905766
122.49999999999733, 32.71475097275038
122.59999999999732, 32.56076057494096
122.69999999999735, 32.411139785150816
122.79999999999731, 32.187475646767346
122.8999999999973, 32.00390622763514
122.9999999999973, 31.829482319367273
123.09999999999727, 31.615325119911986
123.19999999999729, 31.44709715383564
123.29999999999725, 31.185421449715687
123.39999999999728, 30.9167381784236
123.49999999999727, 30.694474498249043
123.59999999999727, 30.366690957410192
123.69999999999726, 30.083943746015997
123.79999999999723, 29.867992252448758
123.89999999999722, 29.594188192010392
123.99999999999721, 29.388191110175413
124.09999999999727, 29.11610158812897
124.19999999999723, 28.823543045529895
124.2999999999972, 28.606849198566444
124.39999999999722, 28.302125766334733
124.49999999999721, 28.026392644073873
124.59999999999718, 27.77241914041727
124.69999999999723, 27.42981236579493
124.7999999999972, 27.166176868103413
124.89999999999719, 26.835680415264534
124.99999999999719, 26.46321589588613
125.09999999999718, 26.162429423642287
125.19999999999717, 25.69391580390821
125.29999999999714, 25.249767006590837
125.39999999999716, 24.90906558484945
125.49999999999716, 24.4491295929028
125.59999999999715, 24.07937386856363
125.69999999999715, 23.542181353968815
125.79999999999711, 22.906662534285672
125.89999999999714, 22.4398652104478
125.99999999999713, 21.797007065152087
126.09999999999712, 21.158954119561933
126.19999999999712, 20.835042092131367
126.29999999999708, 20.48662232697172
126.3999999999971, 20.196889892874623
126.4999999999971, 19.799409654833823
126.5999999999971, 19.302201997768947
126.69999999999709, 18.945419534666172
126.79999999999708, 18.51119789020379
126.89999999999708, 18.060019619163633
126.99999999999704, 17.872466166181397
127.09999999999707, 17.747491807957765
127.19999999999709, 17.6383284806059
127.29999999999703, 17.686067624713353
127.39999999999705, 17.765233955893684
127.49999999999704, 17.84166437984304
127.59999999999704, 18.041943074982647
127.69999999999706, 18.25990085275015
127.79999999999703, 18.423733780169066
127.89999999999702, 18.65786458412429
127.99999999999699, 18.87231063997762
128.09999999999704, 18.943531432991314
128.199999999997, 19.012031934793598
128.29999999999703, 19.074020490316876
128.39999999999702, 19.252731850125194
128.499999999997, 19.456648030875776
128.599999999997, 19.718284026214896
128.69999999999698, 20.299395063705397
128.799999999997, 20.85689267518056
128.899999999997, 21.264905334418657
128.99999999999696, 21.811057624804107
129.09999999999698, 22.252275480076307
129.19999999999695, 22.864927959172626
129.29999999999697, 23.59912604433955
129.39999999999696, 24.117372870294112
129.49999999999693, 24.765589499093082
129.59999999999695, 25.41662618191721
129.69999999999692, 25.67301756970732
129.7999999999969, 25.86672563427529
129.89999999999696, 26.02990331681562
129.99999999999693, 26.22987663140607
130.09999999999695, 26.483678923386684
130.1999999999969, 26.67531737968327
130.2999999999969, 26.94232074037071
130.39999999999694, 27.223075195329002
130.49999999999687, 27.44159842673004
130.5999999999969, 27.757865055763702
130.69999999999686, 28.03757202881409
130.79999999999688, 28.35088823416625
130.89999999999688, 28.771780588852955
130.99999999999687, 29.082653031955203
131.09999999999687, 29.41946337454155
131.19999999999683, 29.790477518471896
131.29999999999686, 30.05519588548767
131.39999999999685, 30.414220703107254
131.49999999999685, 30.74705525098151
131.59999999999684, 31.01582206971313
131.69999999999683, 31.377701022343615
131.79999999999683, 31.656774082213467
131.89999999999682, 31.940264841068597
131.99999999999682, 32.26780842363188
132.09999999999684, 32.48968308056631
132.1999999999968, 32.758743805928745
132.2999999999968, 33.01995809157907
132.39999999999677, 33.19852346144104
132.4999999999968, 33.43224939174395
132.5999999999968, 33.62243283442207
132.69999999999675, 33.87860930222605
132.79999999999677, 34.18964407479122
132.89999999999674, 34.4161170181072
132.99999999999676, 34.715547165677776
133.09999999999678, 35.01986408035208
133.19999999999675, 35.284635290053515
133.29999999999674, 35.68079364426205
133.39999999999674, 36.01880767132883
133.49999999999673, 36.31881462525273
133.59999999999675, 36.69991438696543
133.69999999999672, 36.94739632640457
133.79999999999671, 37.09523659615966
133.8999999999967, 37.25256022471875
133.99999999999667, 37.37520125520194
134.0999999999967, 37.55408355743178
134.1999999999967, 37.714247883484425
134.2999999999967, 37.89531520127798
134.39999999999665, 38.142663010720426
134.49999999999665, 38.32843432271269
134.59999999999667, 38.53626375331591
134.69999999999666, 38.76801117324744
134.79999999999666, 38.93409030907395
134.89999999999665, 39.15986518661657
134.99999999999665, 39.37169959590256
135.09999999999664, 39.54398036653611
135.1999999999966, 39.778531017105294
135.29999999999663, 39.96405151787499
135.39999999999662, 40.19519702681445
135.49999999999662, 40.46565554561269
135.59999999999664, 40.639993382015916
135.69999999999658, 40.82456049784729
135.7999999999966, 41.00588357156319
135.8999999999966, 41.141238128662906
135.9999999999966, 41.32595891532385
136.09999999999658, 41.47783933670408
136.19999999999655, 41.65967346632645
136.29999999999657, 41.8836145618877
136.39999999999654, 42.02327672628209
136.49999999999653, 42.12244365432555
136.59999999999656, 42.224431517326266
136.69999999999655, 42.28332023602718
136.79999999999654, 42.350779934744985
136.8999999999965, 42.40907110668503
136.99999999999653, 42.455159445478344
137.09999999999653, 42.51383738260664
137.19999999999655, 42.55717170886732
137.29999999999652, 42.60977817898491
137.3999999999965, 42.66643524532691
137.4999999999965, 42.70045237131977
137.59999999999647, 42.73852358422022
137.6999999999965, 42.773030241914945
137.7999999999965, 42.69668507953742
137.89999999999648, 42.571881790450945
137.99999999999648, 42.46892298899823
138.09999999999647, 42.273743493530425
138.19999999999644, 42.05340774555597
138.2999999999965, 41.90902136628125
138.39999999999645, 41.73812367801678
138.49999999999645, 41.57584889690523
138.59999999999644, 41.405015825708844
138.69999999999646, 41.1553599076844
138.79999999999646, 40.957248996114984
138.89999999999642, 40.744825478863746
138.99999999999642, 40.49307953958434
139.09999999999638, 40.336661454255065
139.1999999999964, 40.195081773107596
139.29999999999643, 40.05433272497319
139.3999999999964, 39.967911622443694
139.4999999999964, 39.86117402243728
139.59999999999638, 39.77225725289877
139.69999999999638, 39.732129465858094
139.79999999999637, 39.68337442895434
139.89999999999637, 39.65826260123167
139.99999999999636, 39.667217016228506
140.09999999999636, 39.67653624463868
140.19999999999638, 39.69578620144661
140.29999999999637, 39.73422422556453
140.39999999999634, 39.767856550647146
140.49999999999636, 39.83348568296674
140.59999999999633, 39.92318361448764
140.69999999999632, 40.005968018284406
140.79999999999634, 40.20602476532117
140.89999999999628, 40.424101187844336
140.9999999999963, 40.58154909036321
141.09999999999627, 40.79803978143154
141.1999999999963, 40.99665713236337
141.2999999999963, 41.11491492502825
141.39999999999628, 41.26169293497989
141.49999999999628, 41.375176876285636
141.59999999999624, 41.50969806242544
141.69999999999627, 41.663453086802605
141.7999999999963, 41.768282164840954
141.89999999999625, 41.89874721980025
141.99999999999625, 42.02411454880699
142.09999999999624, 42.107254018824875
142.19999999999624, 42.21451416843148
142.29999999999623, 42.300279160218466
142.39999999999623, 42.373024172018646
142.49999999999625, 42.460356074471626
142.59999999999621, 42.52107512913092
142.6999999999962, 42.59405329807188
142.7999999999962, 42.66746768666026
142.89999999999623, 42.69529707819
142.9999999999962, 42.714661868144795
143.09999999999616, 42.73100323666712
143.19999999999618, 42.69429096116589
143.29999999999617, 42.64547520782472
143.39999999999617, 42.59880289911322
143.4999999999962, 42.49210657916167
143.59999999999616, 42.379732120879964
143.69999999999615, 42.289220638346436
143.79999999999612, 42.15510599305114
143.89999999999614, 42.036294187447524
143.99999999999613, 41.97020307621597
144.09999999999613, 41.88922542841293
144.19999999999612, 41.82472971146666
144.2999999999961, 41.72121532188123
144.39999999999608, 41.606998985106586
144.49999999999613, 41.52541994534276
144.5999999999961, 41.41468411337763
144.6999999999961, 41.311857262496574
144.7999999999961, 41.27880601097023
144.89999999999608, 41.24946717093775
144.99999999999608, 41.2282244774099
145.09999999999607, 41.2282244774099
145.19999999999607, 41.2282244774099
145.2999999999961, 41.23607701899539
145.39999999999606, 41.26389095914121
145.49999999999608, 41.290937623782604
145.59999999999604, 41.327611163756416
145.69999999999604, 41.38602998416948
145.799999999996, 41.433422385888804
145.89999999999603, 41.46539489860034
145.99999999999602, 41.50428393294762
146.09999999999602, 41.53235821216118
146.199999999996, 41.56862135895749
146.29999999999598, 41.60553607470094
146.399999999996, 41.633272546700354
146.499999999996, 41.67190885490574
146.599999999996, 41.7049317793696
146.69999999999598, 41.677547465578726
146.79999999999598, 41.63845546864002
146.89999999999597, 41.60545815895054
146.99999999999596, 41.54367608703225
147.09999999999596, 41.47782321428875
147.19999999999595, 41.4259227415554
147.29999999999595, 41.3495432672221
147.39999999999597, 41.28104135446583
147.4999999999959, 41.20249955089919
147.5999999999959, 41.09481515935536
147.69999999999592, 41.01611541159723
147.79999999999592, 40.9476995387427
147.89999999999588, 40.87128211618189
147.9999999999959, 40.84409080150405
148.0999999999959, 40.85349234329385
148.1999999999959, 40.86232784062477
148.2999999999959, 40.90956386152757
148.3999999999959, 40.987737711958246
148.49999999999585, 41.049121251271565
148.59999999999587, 41.11507091685082
148.6999999999959, 41.19237133804237
148.79999999999586, 41.294528303716426
148.89999999999583, 41.54350609145139
148.99999999999585, 41.78850424872959
149.09999999999584, 42.01777034232771
149.19999999999587, 42.35796063770755
149.2999999999958, 42.63817381684008
149.39999999999583, 42.86772964831778
149.4999999999958, 43.15015130265025
149.59999999999582, 43.369436667928326
149.6999999999958, 43.702166123655786
149.7999999999958, 44.04491613274045
149.89999999999577, 44.3091178481813
149.99999999999577, 44.68482295994727
150.0999999999958, 45.01002380668668
150.1999999999958, 45.313313503665285
150.2999999999958, 45.7051109535201
150.39999999999577, 45.99741472730055
150.49999999999577, 46.366648992073905
150.59999999999576, 46.764968315397944
150.69999999999578, 47.07561485222053
150.79999999999575, 47.532236756597584
150.89999999999574, 47.94679480099346
150.9999999999957, 48.266049123565935
151.09999999999576, 48.68539530501042
151.19999999999575, 48.995905981939835
151.2999999999957, 49.25569769603253
151.3999999999957, 49.549469137880266
151.49999999999568, 49.77331724681875
151.59999999999573, 50.100854195576545
151.69999999999573, 50.41237235560355
151.7999999999957, 50.669211110933766
151.8999999999957, 51.02402239778178
151.99999999999565, 51.3041820160816
152.0999999999957, 51.549708994621255
152.1999999999957, 51.8411976986309
152.29999999999566, 52.04591247219094
152.39999999999566, 52.30264981986897
152.49999999999565, 52.55829435723343
152.59999999999565, 52.76294176509408
152.6999999999956, 53.053038310557135
152.79999999999563, 53.295129725244415
152.89999999999563, 53.53718205035429
152.9999999999956, 53.839518917417905
153.09999999999562, 54.04412694099612
153.1999999999956, 54.24093748237148
153.2999999999956, 54.44609970331345
153.39999999999563, 54.58965791274198
153.4999999999956, 54.78176905346446
153.5999999999956, 54.950147866713415
153.69999999999555, 55.086697209436686
153.79999999999558, 55.262841829116496
153.8999999999956, 55.38595590843574
153.99999999999557, 55.48152860177355
154.09999999999556, 55.585882293015445
154.19999999999555, 55.658046600702306
154.29999999999558, 55.752808437399054
154.39999999999554, 55.83989061774155
154.49999999999557, 55.89431879694851
154.59999999999553, 55.962810804471886
154.69999999999553, 56.015538392793005
154.79999999999552, 56.074315082044585
154.89999999999554, 56.14161023422108
154.9999999999955, 56.187162435509464
155.09999999999553, 56.2430377988757
155.1999999999955, 56.29681727285891
155.2999999999955, 56.32863456084447
155.3999999999955, 56.36763089308472
155.49999999999548, 56.39868724458153
155.5999999999955, 56.41482857133534
155.69999999999547, 56.43424104611564
155.7999999999955, 56.44822248940105
155.8999999999955, 56.466451864821494
155.99999999999545, 56.4848199119241
156.09999999999548, 56.50334372018908
156.1999999999954, 56.53238175181288
156.29999999999544, 56.55692907644344
156.39999999999543, 56.56526388190001
156.49999999999542, 56.57502851377004
156.59999999999542, 56.57905970181448
156.6999999999954, 56.57017713669726
156.79999999999544, 56.56080658500071
156.89999999999543, 56.54609512600455
156.99999999999537, 56.5173690611637
157.0999999999954, 56.491877751101335
157.19999999999538, 56.462894469329896
157.2999999999954, 56.4237393628989
157.39999999999537, 56.39336187811451
157.4999999999954, 56.35028091420437
157.59999999999536, 56.302666763706306
157.69999999999533, 56.25858378954614
157.79999999999538, 56.1830868593292
157.89999999999534, 56.11286673594884
157.99999999999534, 56.04336532501001
158.09999999999533, 55.945578608977286
158.19999999999533, 55.868023322135265
158.29999999999532, 55.75992090297475
158.3999999999953, 55.63458973908834
158.49999999999528, 55.54464142984356
158.59999999999533, 55.42420126759726
158.6999999999953, 55.30689345686313
158.7999999999953, 55.20502202525264
158.89999999999526, 55.05900727240347
158.99999999999525, 54.94009639516144
159.0999999999953, 54.82038591188499
159.19999999999527, 54.674516346697175
159.29999999999526, 54.58107057918281
159.39999999999526, 54.499549571784726
159.49999999999528, 54.41642925878925
159.59999999999525, 54.35847961552147
159.69999999999524, 54.281233916579346
159.79999999999524, 54.21509651803904
159.8999999999952, 54.16111473512924
159.99999999999523, 54.09269556713936
160.09999999999522, 54.04521333764557
160.1999999999952, 54.00112882857301
160.29999999999524, 53.95406256269952
160.3999999999952, 53.92341759517826
160.4999999999952, 53.88524616263133
160.59999999999522, 53.850954277332285
160.69999999999519, 53.83434405823507
160.79999999999518, 53.81476516565502
160.89999999999517, 53.80082402461051
160.99999999999517, 53.79228236043458
161.0999999999952, 53.78272569416019
161.19999999999516, 53.77891601721821
161.29999999999518, 53.77891601721821
161.39999999999515, 53.77891601721821
161.4999999999951, 53.79600719330145
161.59999999999516, 53.82531862124793
161.69999999999513, 53.84948978574226
161.79999999999515, 53.89888284651336
161.89999999999515, 53.9568778243046
161.9999999999951, 54.00825580363713
162.0999999999951, 54.10039980811831
162.1999999999951, 54.19121795924481
162.2999999999951, 54.291077345688464
162.3999999999951, 54.446553440602365
162.49999999999508, 54.57484835939423
162.59999999999505, 54.74794118980116
162.69999999999507, 54.96223754123924
162.79999999999507, 55.12121229236435
162.89999999999503, 55.337183420137166
162.99999999999505, 55.56002011757678
163.09999999999505, 55.70889958323701
163.19999999999504, 55.90149530603481
163.29999999999504, 56.06848757344511
163.39999999999503, 56.20506127230501
163.49999999999503, 56.379903924580596
163.599999999995, 56.51321478265513
163.69999999999501, 56.69694260226118
163.799999999995, 56.89546946082898
163.89999999999503, 57.033093660540175
163.999999999995, 57.21493543436991
164.09999999999496, 57.38030059935442
164.199999999995, 57.49445550667407
164.299999999995, 57.64127282544289
164.39999999999498, 57.7496662051983
164.49999999999497, 57.834314613686395
164.59999999999494, 57.930196690967385
164.69999999999496, 57.97877861617541
164.79999999999495, 58.00683490816205
164.89999999999495, 58.03356258627008
164.99999999999494, 58.04391115512648
165.0999999999949, 58.05367114076649
165.19999999999493, 58.05952317474788
165.29999999999495, 58.00575635286105
165.39999999999492, 57.941812214698444
165.49999999999494, 57.847012690229505
165.5999999999949, 57.5898693056595
165.69999999999487, 57.333405711322435
165.79999999999492, 57.088545794546384
165.8999999999949, 56.716823021235925
165.9999999999949, 56.40606290079694
166.0999999999949, 56.17901980016257
166.19999999999487, 55.89753838535369
166.2999999999949, 55.67433486498071
166.39999999999486, 55.3190078832986
166.49999999999486, 54.9479994353186
166.59999999999485, 54.66229706729018
166.69999999999484, 54.25328323505798
166.79999999999487, 53.894186855500784
166.89999999999483, 53.658410353324456
166.99999999999483, 53.36176153820044
167.0999999999948, 53.152900980597195
167.19999999999482, 52.98385517239733
167.2999999999948, 52.79897196189288
167.3999999999948, 52.71080200211047
167.4999999999948, 52.653976119991405
167.5999999999948, 52.60166918137397
167.6999999999948, 52.570221403305524
167.79999999999475, 52.53108579733975
167.89999999999475, 52.502739077392654
167.9999999999948, 52.49435335459202
168.09999999999474, 52.48473590013124
168.19999999999476, 52.48330509202448
168.29999999999472, 52.49261123779768
168.39999999999475, 52.50158287705886
168.49999999999474, 52.5192869028061
168.59999999999474, 52.548528504536556
168.69999999999476, 52.57247977758386
168.79999999999472, 52.620830806462564
168.89999999999472, 52.679084129731606
168.99999999999474, 52.72952367331085
169.09999999999468, 52.82059428782115
169.1999999999947, 52.91250634459379
169.2999999999947, 52.982019462460556
169.3999999999947, 53.07878196166065
169.49999999999469, 53.160723521401486
169.59999999999468, 53.26752507715791
169.69999999999467, 53.404250060238674
169.79999999999464, 53.507334491954154
169.8999999999947, 53.649314130141036
169.99999999999469, 53.79933848775968
170.09999999999465, 53.90169581993412
170.19999999999467, 54.03569051322834
170.29999999999464, 54.15479700161513
170.39999999999466, 54.278757438744506
170.49999999999463, 54.44517049801358
170.59999999999462, 54.57113004746476
170.69999999999465, 54.72604063190737
170.79999999999458, 54.897537238999256
170.8999999999946, 55.03091051554034
170.9999999999946, 55.228974102516894
171.0999999999946, 55.413497047635616
171.19999999999462, 55.54727012115076
171.29999999999458, 55.723268487341436
171.39999999999458, 55.85796383607875
171.4999999999946, 55.96591986648726
171.59999999999457, 56.09129715062866
171.6999999999946, 56.19157276014231
171.79999999999453, 56.34895705158233
171.89999999999455, 56.50249693359249
171.99999999999457, 56.622160583944755
172.0999999999945, 56.7876066374187
172.19999999999453, 56.92245993161433
172.29999999999453, 57.002142199019524
172.39999999999452, 57.09941193821716
172.49999999999454, 57.161840560692276
172.59999999999454, 57.216140259917815
172.6999999999945, 57.27159501318585
172.7999999999945, 57.30875872463769
172.89999999999452, 57.35702024879966
172.99999999999446, 57.39841312713625
173.09999999999448, 57.4150191960508
173.19999999999447, 57.43456977930066
173.29999999999447, 57.439237454083965
173.39999999999446, 57.39519870156802
173.49999999999446, 57.34810415032538
173.59999999999445, 57.28031867381965
173.69999999999445, 57.14678332599944
173.79999999999444, 57.02661907615474
173.89999999999446, 56.92985795352935
173.99999999999443, 56.80259627888658
174.09999999999442, 56.70791215571275
174.19999999999442, 56.61406784038676
174.2999999999944, 56.50889560974129
174.3999999999944, 56.4179766603132
174.49999999999437, 56.26773788134596
174.5999999999944, 56.12608194539583
174.69999999999442, 56.01154379810727
174.7999999999944, 55.85523695316808
174.8999999999944, 55.73426114565038
174.99999999999434, 55.652055120238686
175.09999999999437, 55.555364482608574
175.1999999999944, 55.50039845468579
175.29999999999436, 55.46356902069096
175.39999999999435, 55.427210694497404
175.49999999999432, 55.40906268249175
175.59999999999434, 55.38963318991714
175.69999999999433, 55.373571727587475
175.79999999999433, 55.35781600762111
175.89999999999432, 55.338330475807155
175.99999999999432, 55.326011152701135
176.0999999999943, 55.31702060913136
176.19999999999433, 55.30772919177365
176.2999999999943, 55.30504366361957
176.39999999999432, 55.30504366361957
176.4999999999943, 55.30504366361957
176.59999999999428, 55.298046538634225
176.6999999999943, 55.288264320325474
176.79999999999424, 55.27354730071469
176.89999999999426, 55.21237094842409
176.99999999999426, 55.146157924450165
177.09999999999425, 55.08391187392033
177.19999999999428, 54.97937739972263
177.29999999999424, 54.884156775630615
177.39999999999424, 54.76014489604244
177.49999999999423, 54.5839713186121
177.59999999999425, 54.44415897143001
177.69999999999425, 54.23150421860602
177.7999999999942, 53.99021998028417
177.89999999999424, 53.81444059738161
177.99999999999417, 53.57144581236089
178.0999999999942, 53.33958066294084
178.19999999999416, 53.07878233224199
178.2999999999942, 52.689948665101575
178.39999999999418, 52.37768862201885
178.49999999999417, 51.970958605525254
178.59999999999417, 51.48638728889701
178.69999999999416, 51.167198466466864
178.79999999999416, 50.82848112361064
178.89999999999415, 50.49011203102466
178.99999999999415, 50.198223045029394
179.09999999999417, 49.77042776971323
179.19999999999413, 49.412158065721236
179.29999999999413, 49.0087002755711
179.39999999999412, 48.50137459056745
179.49999999999412, 48.1569930883112
179.5999999999941, 47.82774201936904
179.6999999999941, 47.48340027820289
179.7999999999941, 47.26508241539344
179.89999999999412, 46.99635156156055
179.9999999999941, 46.76001669662209
180.09999999999408, 46.53660725116202
180.19999999999408, 46.24300174301568
180.29999999999407, 46.030634471820676
180.3999999999941, 45.82258057006665
180.49999999999406, 45.59465732494367
180.59999999999408, 45.48694552542289
180.69999999999405, 45.42068538612867
180.79999999999404, 45.359593688890286
180.89999999999407, 45.375177380473446
180.99999999999403, 45.41431013098448
181.09999999999403, 45.44746940525058
181.19999999999402, 45.522842000958185
181.29999999999401, 45.60943345707342
181.39999999999404, 45.67701544243233
181.499999999994, 45.779312011901496
181.59999999999403, 45.878091901975125
181.699999999994, 45.98231813981643
181.799999999994, 46.138242543685
181.89999999999398, 46.26416048137717
181.99999999999397, 46.400947639135225
182.099999999994, 46.56604304021353
182.19999999999396, 46.68502984823287
182.29999999999396, 46.83971951801368
182.39999999999398, 46.996091382188055
182.49999999999395, 47.10964221144217
182.59999999999394, 47.26441202126024
182.69999999999396, 47.395705262105935
182.79999999999393, 47.51167008829798
182.89999999999392, 47.65818207407212
182.99999999999392, 47.76392582340407
183.09999999999394, 47.88803367866499
183.1999999999939, 48.01938798082083
183.29999999999393, 48.111872934437926
183.39999999999392, 48.23624005060067
183.49999999999392, 48.34697491407066
183.5999999999939, 48.43691289019578
183.69999999999388, 48.554383140355284
183.7999999999939, 48.639795576524975
183.89999999999384, 48.71716004026319
183.99999999999386, 48.80295079079242
184.09999999999388, 48.87439813307192
184.19999999999385, 48.987510608641074
184.29999999999384, 49.093063275199
184.3999999999938, 49.17363684122717
184.49999999999383, 49.281180096454506
184.59999999999383, 49.362759978894985
184.69999999999385, 49.412518017933394
184.79999999999382, 49.47040548592868
184.89999999999384, 49.51450376191724
184.9999999999938, 49.57926165984959
185.09999999999383, 49.642540224359855
185.1999999999938, 49.69177911562063
185.29999999999382, 49.759888288758
185.39999999999378, 49.8155565725839
185.49999999999378, 49.87920226653712
185.5999999999938, 49.957036405005496
185.69999999999376, 50.01524073552143
185.79999999999376, 50.096618440133845
185.89999999999375, 50.179862001276376
185.99999999999378, 50.233429081476906
186.09999999999377, 50.300971062593504
186.19999999999374, 50.35900059825064
186.29999999999376, 50.405238571724695
186.39999999999372, 50.463896812978874
186.49999999999372, 50.50709124374963
186.59999999999374, 50.559882581790085
186.6999999999937, 50.61642972861349
186.79999999999373, 50.65767695286464
186.8999999999937, 50.71487841649366
186.9999999999937, 50.766438259872665
187.0999999999937, 50.804211456712174
187.1999999999937, 50.85315760688216
187.2999999999937, 50.88860738009742
187.39999999999367, 50.91417006737386
187.4999999999937, 50.94286661125653

